1 4 15 18 20 32 37 39 69 78 79 87 91 97 100 113 140 155 160 164 175 191 196 198 200
2 3 10 12 13 30 36 43 47 51 77 101 103 116 117 123 128 134 141 154 162 177 179 182
3 2 16 17 29 41 48 49 54 65 66 70 104 109 114 123 130 134 136 141 153 157 159 173 176 190 194
4 1 18 23 35 42 55 60 73 76 80 81 84 91 93 99 100 107 118 121 125 127 140 150 158 171 193
5 19 20 23 35 37 39 73 75 99 102 112 118 119 124 135 145 146 156 160 175 193
6 14 20 23 25 26 32 35 52 56 75 76 87 119 120 124 131 144 155 160 166 196
7 8 15 22 26 27 31 39 52 56 71 76 78 79 93 107 112 113 144 156 178 185
8 7 9 20 25 31 39 42 46 52 53 62 64 100 108 119 127 131 133 140 144 150 155 164 171 178 185 191
9 8 20 26 38 39 76 78 91 100 107 115 122 127 132 133 155 156 160 191 195 196
10 2 13 16 30 47 49 50 90 101 109 116 148 153 154 161 163 170 173 177 179 182 184 185 189 190
11 12 13 21 24 28 33 41 48 74 77 82 83 88 94 101 109 114 123 130 134 163
12 2 11 21 24 33 36 43 47 50 54 65 70 88 101 109 142 148 159 161 169 177 179 182 189 192 194
13 2 10 11 21 29 33 41 44 47 72 82 83 90 103 110 111 116 130 134 138 141 142 152 154 157 159 161 165 170 173 176 181 182 190
14 6 19 25 37 39 40 46 58 62 73 76 91 107 113 122 127 137 139 150 156
15 1 7 18 26 38 39 40 42 45 52 57 58 67 68 85 100 118 119 121 122 127 135 139 145 149 174 191 193 196
16 3 10 36 43 48 51 59 66 74 88 106 111 114 117 128 129 136 141 142 147 167 173 179 180 187 189 194
17 3 28 36 43 44 47 48 49 65 72 77 83 88 95 109 117 123 134 152 159 161 163 167 170 180 181 194 197
18 1 4 15 26 34 52 56 62 67 73 89 96 107 115 126 132 140 145 149 151 160 178 191 193 198
19 5 14 22 40 45 62 71 80 84 89 91 108 113 126 144 156 164 172 174 178 195
20 1 5 6 8 9 23 31 34 52 55 56 67 73 75 79 89 96 107 119 122 126 171 185 191
21 11 12 13 49 50 51 63 66 90 94 95 105 111 114 116 130 138 157 167 173 176 177 180 187 188 192 197
22 7 19 23 26 27 32 39 53 56 57 71 75 81 93 96 100 115 119 121 131 132 140 146 149 150 156 175
23 4 5 6 20 22 55 57 58 68 69 91 122 124 125 145 149 156 191 195 200
24 11 12 28 30 33 50 53 63 72 77 116 123 130 134 143 148 153 159 161 162 163 167 169 184 187
25 6 8 14 27 39 52 64 68 73 79 81 84 87 93 97 108 115 127 132 158 178 185 193 200
26 6 7 9 15 18 22 27 52 58 75 81 84 107 108 131 133 139 144 160 166 193 198
27 7 22 25 26 31 39 42 58 69 73 75 81 89 100 112 115 122 139 144 156 158 166 169 174 200
28 11 17 24 29 33 61 66 72 77 83 90 111 114 116 134 136 141 152 159 169 173 177 179 184 188 192
29 3 13 28 43 47 48 50 77 82 88 92 103 106 123 129 134 147 148 177 181 188 189 192 194 197 199
30 2 10 24 41 47 50 70 77 92 101 111 123 130 148 153 165 168 179 187 197 199
31 7 8 20 27 38 56 69 71 75 86 89 97 98 108 131 139 146 149 171 191 196
32 1 6 22 35 38 39 53 56 58 60 62 84 87 89 97 99 120 121 124 127 149 151 156 158 160 171 174 185 191
33 11 12 13 24 28 47 48 63 83 88 95 103 109 110 116 134 141 161 168 183 187
34 18 20 37 40 46 52 62 76 80 87 97 118 122 127 131 137 139 164 166 171
35 4 5 6 32 45 55 69 75 76 79 85 107 121 125 132 135 137 139 164 193 198 200
36 2 12 16 17 41 43 50 61 66 72 77 88 106 110 122 136 141 147 152 154 159 162 165 168 170 177 179 180 184 188 190
37 1 5 14 34 38 39 52 57 58 76 79 84 86 87 89 97 98 108 115 121 124 125 127 146 149 164 174 178 186 191 193 195 196 198
38 9 15 31 32 37 45 46 57 73 76 85 86 89 96 99 100 107 127 158 160 193
39 1 5 7 8 9 14 15 22 25 27 32 37 58 60 76 81 84 85 87 100 102 113 122 139 145 150 151 155 158 193 200
40 14 15 19 34 52 71 78 79 81 87 91 118 121 122 125 132 156 160 166 175
41 3 11 13 30 36 47 49 54 61 65 70 92 95 104 106 108 111 116 123 129 152 153 154 161 162 163 169 177 183 184 189
42 4 8 15 27 52 53 56 62 79 87 89 91 102 112 113 122 127 131 145 164 171 178 191 193
43 2 12 16 17 29 36 44 47 51 54 59 61 70 82 94 110 130 141 148 153 161 165 170 183 189 190 194 199
44 13 17 43 49 66 101 103 105 110 114 129 142 148 154 157 163 169 173 176 181 182 188
45 15 19 35 38 53 56 58 68 75 80 81 89 93 97 100 108 113 125 135 149 156 166 174 178 198
46 8 14 34 38 55 58 67 86 99 122 126 127 131 144 146 150 155 160 175 193 196
47 2 10 12 13 17 29 30 33 41 43 50 59 70 88 94 101 109 116 117 123 130 147 152 165 176 180 187 194
48 3 11 16 17 29 33 49 51 63 66 83 94 105 114 116 128 141 153 162 168 179 180 183 184 188 190 193 197
49 3 10 17 21 41 44 48 74 103 109 117 123 136 141 142 148 168 179 186 187
50 10 12 21 24 29 30 36 47 65 66 77 106 111 116 123 130 134 138 165 167 168 169 187 188
51 2 16 21 43 48 59 92 104 109 117 138 141 143 159 163 165 169 184 190 192
52 6 7 8 15 18 20 25 26 34 37 40 42 73 76 78 80 96 99 102 119 127 132 133 139 150 151 164 166 178 191 200
53 8 22 24 32 42 45 56 60 62 64 78 98 102 113 121 122 125 131 132 133 137 144 155 156 160 178 193 196 198
54 3 12 41 43 59 61 65 66 95 110 114 123 129 130 138 141 147 168 187 199
55 4 20 23 35 46 56 60 68 71 73 78 84 85 89 99 107 113 125 131 171 185 200
56 6 7 18 20 22 31 32 42 45 53 55 73 79 80 84 85 86 87 96 107 108 112 120 122 125 133 140 171 193 196
57 15 22 23 37 38 64 69 75 76 79 84 85 97 100 102 121 145 155 158 191 195
58 14 15 23 26 27 32 37 39 45 46 60 62 80 84 86 87 93 102 107 124 126 139 140 144 146 150 166 175 188 193 195
59 16 43 47 51 54 61 63 92 103 143 147 157 163 168 184 186 187 188 197 199
60 4 32 39 53 55 58 73 75 80 86 91 93 96 99 124 125 132 144 146 158 171 174 178 196
61 28 36 41 43 54 59 63 65 77 114 116 147 163 179 183 186 187 188 189 190
62 8 14 18 19 32 34 42 53 58 79 84 102 112 113 115 121 132 133 137 146 166 171 172 175 185 193 196 198 200
63 21 24 33 48 59 61 90 101 105 106 111 116 123 128 147 153 162 167 168 181 183 184
64 8 25 53 57 68 91 107 108 113 119 120 121 122 124 131 132 144 149 175 185 193
65 3 12 17 41 50 54 61 66 74 77 82 94 101 103 114 134 157 159 165 167 176 180 186 194 197
66 3 16 21 28 36 44 48 50 54 65 72 77 82 95 116 136 159 176 177 180 183 187 188
67 15 18 20 46 68 75 80 86 91 102 112 119 131 137 139 144 146 156 175 200
68 15 23 25 45 55 64 67 71 75 78 79 81 87 93 96 115 118 120 122 146 155 158 171 175 193 195
69 1 23 27 31 35 57 75 81 85 86 89 91 98 108 125 127 131 145 156 174 191 200
70 3 12 30 41 43 47 74 82 110 114 123 129 148 153 163 165 168 176 181 190
71 7 19 22 31 40 55 68 73 75 79 85 89 93 96 98 108 119 120 124 125 127 140 151 155 171 193
72 13 17 24 28 36 66 77 104 109 110 114 116 129 130 141 159 162 165 169 181 182 186 190 192
73 4 5 14 18 20 25 27 38 52 55 56 60 71 76 78 80 91 93 96 97 100 112 127 149 160 172 193 195
74 11 16 49 65 70 77 83 88 94 95 104 111 123 130 136 138 141 153 159 165 179 197
75 5 6 20 22 26 27 31 35 45 57 60 67 68 69 71 79 81 87 89 91 119 126 127 158 160 166 171 175 193 198
76 4 6 7 9 14 34 35 37 38 39 52 57 73 85 98 99 115 120 122 131 133 135 140 149 156 171 172 174 175 178
77 2 11 17 24 28 29 30 36 50 61 65 66 72 74 90 94 110 116 117 128 138 143 154 159 161 173 190
78 1 7 9 40 52 53 55 68 73 80 81 91 107 124 126 131 144 149 156 164 171 175 195
79 1 7 20 25 35 37 40 42 56 57 62 68 71 75 80 86 102 108 112 118 122 135 139 144 145 158 163 164 172 175 198 200
80 4 19 34 45 52 56 58 60 67 73 78 79 81 85 87 91 97 98 99 100 112 113 118 119 124 126 134 137 139 144 145 146 149 195
81 4 22 25 26 27 39 40 45 68 69 75 78 80 86 96 98 108 115 120 127 131 132 135 149 172
82 11 13 29 43 65 66 70 92 101 104 109 110 114 116 130 147 148 152 153 154 159 161 176 184 186 192 197
83 11 13 17 28 33 48 74 88 90 95 101 109 111 117 147 153 154 167 182 199
84 4 19 25 26 32 37 39 55 56 57 58 62 86 96 98 113 118 119 135 144 149 150 171 175 178 198 200
85 15 35 38 39 55 56 57 69 71 76 80 102 118 120 135 137 150 155 156 158 175 185
86 31 37 38 46 56 58 60 67 69 79 81 84 99 102 108 109 112 118 120 125 126 133 144 149 175 185 193
87 1 6 25 32 34 37 39 40 42 56 58 68 75 80 89 93 107 113 115 118 126 145 149 164 172 178 193 200
88 11 12 16 17 29 33 36 47 74 83 92 110 114 116 148 154 159 165 167 168 173 176 180 194
89 18 19 20 27 31 32 37 38 42 45 55 69 71 75 87 98 99 102 115 131 135 151 195
90 10 13 21 28 63 77 83 92 94 110 116 117 129 130 134 152 157 163 173 179 190 194 199
91 1 4 9 14 19 23 40 42 60 64 67 69 73 75 78 80 98 102 107 126 135 144 149 155 158 160 164 165 185 193 198
92 29 30 41 51 59 82 88 90 109 111 116 117 129 141 143 148 152 161 163 170 173 186 187 192 194 197
93 4 7 22 25 45 58 60 68 71 73 87 98 99 112 122 144 145 150 178 185
94 11 21 43 47 48 65 74 77 90 104 114 117 147 154 163 173 177 182 189 192
95 17 21 33 41 54 66 74 83 103 114 123 129 141 152 157 165 167 168 169 176 177 179 182 188 199
96 18 20 22 38 52 56 60 68 71 73 81 84 97 115 124 126 149 150 158 164 171 196
97 1 25 31 32 34 37 45 57 73 80 96 108 118 122 131 133 140 149 178 185
98 31 37 53 69 71 76 80 81 84 89 91 93 99 120 121 133 139 140 144 150 151 158 160 164 171 172
99 4 5 32 38 46 52 55 60 76 80 86 89 93 98 100 102 113 118 122 124 125 150 174 178 193 196
100 1 4 8 9 15 22 27 38 39 45 57 73 80 99 102 112 113 131 149 164 172 185 200
101 2 10 11 12 30 44 47 63 65 82 83 109 141 148 162 163 165 167 168 169 170 179 180 187 188 192
102 5 39 42 52 53 57 58 62 67 79 85 86 89 91 99 100 113 119 120 121 137 146 155 158 166 171 196
103 2 13 29 33 44 49 59 65 95 104 117 142 148 153 159 161 167 168 181 184 186 188 189 197
104 3 41 51 72 74 82 94 103 105 114 134 141 148 154 161 163 168 170 184 186 187 188 190 192 194
105 21 44 48 63 104 106 116 129 142 143 157 159 161 165 169 173 176 179 181 188 190 199
106 16 29 36 41 50 63 105 109 111 138 148 159 162 163 165 169 173 179 184 197
107 4 7 9 14 18 20 26 35 38 55 56 58 64 78 87 91 112 122 125 126 133 135 146 151 158 164 172 175 185 191 198
108 8 19 25 26 31 37 41 45 56 64 69 71 79 81 86 97 115 120 132 139 144 155 164 166 172 174 178 193 195 198
109 3 10 11 12 17 33 47 49 51 72 82 83 86 92 101 106 114 116 123 128 141 142 143 148 152 154 167 168 173 179 180 181 183 189 199
110 13 33 36 43 44 54 70 72 77 82 88 90 134 138 147 163 165 167 168 169 184 186 188 189
111 13 16 21 28 30 41 50 63 74 83 92 106 114 129 138 142 152 157 162 170 184 186 187 188 192
112 5 7 27 42 56 62 67 73 79 80 86 93 100 107 127 131 132 135 137 174 193 198
113 1 7 14 19 39 42 45 53 55 62 64 80 84 87 99 100 102 122 124 133 137 145 149 156 160 171 172 198
114 3 11 16 21 28 44 48 54 61 65 70 72 82 88 94 95 104 109 111 128 129 136 138 153 181 192
115 9 18 22 25 27 37 62 68 76 81 87 89 96 108 120 139 140 151 185 191
116 2 10 13 21 24 28 33 41 47 48 50 61 63 66 72 77 82 88 90 92 105 109 117 128 136 142 152 157 164 168 173 180 181 188 189
117 2 16 17 47 49 51 77 83 90 92 94 103 116 129 138 143 152 162 170 179 184 189 192 194
118 4 5 15 34 40 68 79 80 84 85 86 87 97 99 121 131 137 145 149 155 156 160 166 174 193 196
119 5 6 8 15 20 22 52 64 67 71 75 80 84 102 121 124 133 145 150 151 160 174 178 185
120 6 32 56 64 68 71 76 81 85 86 98 102 108 115 124 126 135 139 150 160 171 185 191 193 195 200
121 4 15 22 32 35 37 40 53 57 62 64 98 102 118 119 126 133 135 139 146 151 156 185
122 9 14 15 20 23 27 34 36 39 40 42 46 53 56 64 68 76 79 93 97 99 107 113 126 131 146 151 155 156 164 166 175 195 196
123 2 3 11 17 24 29 30 41 47 49 50 54 63 70 74 95 109 128 129 130 136 147 153 156 165 186 188 189 194 197 199
124 5 6 23 32 37 58 60 64 71 78 80 96 99 113 119 120 125 137 146 191 193
125 4 23 35 37 40 45 53 55 56 60 69 71 86 99 107 124 127 132 133 137 151 172 178 198
126 18 19 20 46 58 75 78 80 86 87 91 96 107 120 121 122 135 137 146 155 156 200
127 4 8 9 14 15 25 32 34 37 38 42 46 52 69 71 73 75 81 112 125 131 160 172 174 178 191
128 2 16 48 63 77 109 114 116 123 130 134 136 138 142 152 161 179 181 183 187 189
129 16 29 41 44 54 70 72 90 92 95 105 111 114 117 123 148 153 157 165 173 177 180 184 199
130 3 11 13 21 24 30 43 47 50 54 72 74 82 90 123 128 136 138 154 169 173 176 181 186 189 190
131 6 8 22 26 31 34 42 46 53 55 64 67 69 76 78 81 89 97 100 112 118 122 127 140 146 164 178 193 195 200
132 9 18 22 25 35 40 52 53 60 62 64 81 108 112 125 139 149 164 171 178 185 191
133 8 9 26 52 53 56 62 76 86 97 98 107 113 119 121 125 140 156 175 195
134 2 3 11 13 17 24 28 29 33 50 65 80 90 104 110 128 138 142 152 153 154 157 162 165 167 173 182 183 186 197
135 5 15 35 45 76 79 81 84 85 89 91 107 112 120 121 126 151 164 171 178
136 3 16 28 36 49 66 74 114 116 123 128 130 152 153 154 165 169 173 187 190
137 14 34 35 53 62 67 80 85 102 112 113 118 124 125 126 145 146 151 155 156 166 172 175 185 200
138 13 21 50 51 54 74 77 106 110 111 114 117 128 130 134 142 153 169 179 180 186 197
139 14 15 26 27 31 34 35 39 52 58 67 79 80 98 108 115 120 121 132 140 160 164 171 195 196
140 1 4 8 18 22 56 58 71 76 97 98 115 131 133 139 144 156 166 175 178 185 195
141 2 3 13 16 28 33 36 43 48 49 51 54 72 74 92 95 101 104 109 143 147 148 154 159 167 170 176 178 180 184 188 190 197
142 12 13 16 44 49 103 105 109 111 116 128 134 138 143 161 162 163 165 169 177 180 181 183 184 187 192
143 24 51 59 77 92 105 109 117 141 142 147 152 154 159 161 165 167 168 176 179 180 183 184 189
144 6 7 8 19 26 27 46 53 58 60 64 67 78 79 80 84 86 91 93 98 108 140 145 155 158 164 174 178
145 5 15 18 23 39 42 57 69 79 80 87 93 113 118 119 137 144 151 155 158 166 172 178
146 5 22 31 37 46 58 60 62 67 68 80 102 107 121 122 124 126 131 137 149 172 174 185 195
147 16 29 36 47 54 59 61 63 82 83 94 110 123 141 143 157 167 168 170 182 183 186 197
148 10 12 24 29 30 43 44 49 70 82 88 92 101 103 104 106 109 129 141 154 161 162 163 176 177 181 186 188 192 197
149 15 18 22 23 31 32 37 45 64 73 76 78 80 81 84 86 87 91 96 97 100 113 118 132 146 150 156 161 178 185 200
150 4 8 14 22 39 46 52 58 84 85 93 96 98 99 119 120 149 166 175 200
151 18 32 39 52 71 89 98 107 115 119 121 122 125 135 137 145 160 166 171 175 193 196
152 13 17 28 36 41 47 82 90 92 95 109 111 116 117 128 134 136 143 157 161 170
153 3 10 24 30 41 43 48 63 70 74 82 83 103 114 123 129 134 136 138 154 163 165 167 170 173 180 186 187 188
154 2 10 13 36 41 44 77 82 83 88 94 104 109 130 134 136 141 143 148 153 159 162 167 170 177 197
155 1 6 8 9 39 46 53 57 68 71 85 91 102 108 118 122 126 137 144 145 158 160 164 171 172 185 200
156 5 7 9 14 19 22 23 27 32 40 45 53 67 69 76 78 85 113 118 121 122 123 126 133 137 140 149 158 166 178 193
157 3 13 21 44 59 65 90 95 105 111 116 129 134 147 152 170 184 186 187 197
158 4 25 27 32 38 39 57 60 68 75 79 85 91 96 98 102 107 144 145 155 156 171 175 185 193
159 3 12 13 17 24 28 36 51 65 66 72 74 77 82 88 103 105 106 141 143 154 161 177 179 182 183 188
160 1 5 6 9 18 26 32 38 40 46 53 73 75 91 98 113 118 119 120 127 139 151 155 171 185 195 198 200
161 10 12 13 17 24 33 41 43 77 82 92 103 104 105 128 142 143 148 149 152 159 162 165 170 173 180 182 184 186 188 189 194
162 2 24 36 41 48 63 72 101 106 111 117 134 142 148 154 161 173 179 182 186 188
163 10 11 17 24 41 44 51 59 61 70 79 90 92 94 101 104 106 110 142 148 153 169 177 182 186 187 188 190
164 1 8 19 34 35 37 42 52 78 79 87 91 96 98 100 107 108 116 122 131 132 135 139 144 155 166 175 185 195 198
165 13 30 36 43 47 50 51 65 70 72 74 88 91 95 101 105 106 110 123 129 134 136 142 143 153 161 167 169 181 183 189 190
166 6 26 27 34 40 45 52 58 62 75 102 108 118 122 137 140 145 150 151 156 164 174 191 196 200
167 16 17 21 24 50 63 65 83 88 95 101 103 109 110 134 141 143 147 153 154 165 168 177 179 182 187 194
168 30 33 36 48 49 50 54 59 63 70 88 95 101 103 104 109 110 116 143 147 167 169 177 180 181 199
169 12 24 27 28 41 44 50 51 72 95 101 105 106 110 130 136 138 142 163 165 168 173 176 177 182 184 194 197
170 10 13 17 36 43 92 101 104 111 117 141 147 152 153 154 157 161 179 186 199
171 4 8 20 31 32 34 42 55 56 60 62 68 71 75 76 78 84 96 98 102 113 120 132 135 139 151 155 158 160 175 184
172 19 62 73 76 79 81 87 98 100 107 108 113 125 127 137 145 146 155 174 185
173 3 10 13 16 21 28 44 77 88 90 92 94 105 106 109 116 129 130 134 136 153 161 162 169 179 182 190
174 15 19 27 32 37 45 60 69 76 99 108 112 118 119 127 144 146 166 172 175 191
175 1 5 22 40 46 58 62 64 67 68 75 76 78 79 84 85 86 107 122 133 137 140 150 151 158 164 171 174 193 195 196
176 3 13 21 44 47 65 66 70 82 88 95 105 130 141 143 148 169 177 181 182 183
177 2 10 12 21 28 29 36 41 66 94 95 129 142 148 154 159 163 167 168 169 176 179 180 190 192 199
178 7 8 18 19 25 37 42 45 52 53 60 76 84 87 93 97 99 108 119 125 127 131 132 135 140 141 144 145 149 156 191 195 198
179 2 10 12 16 28 30 36 48 49 61 74 90 95 101 105 106 109 117 128 138 143 159 162 167 170 173 177 189 199
180 16 17 21 36 47 48 65 66 88 101 109 116 129 138 141 142 143 153 161 168 177 181 194
181 13 17 29 44 63 70 72 103 105 109 114 116 128 130 142 148 165 168 176 180 182 184 188
182 2 10 12 13 44 72 83 94 95 134 147 159 161 162 163 167 169 173 176 181 183 184 189 192 199
183 33 41 43 48 61 63 66 109 128 134 142 143 147 159 165 176 182 184 186 188 189 190
184 10 24 28 36 41 48 51 59 63 82 103 104 106 110 111 117 129 141 142 143 157 161 169 171 181 182 183 186 197 199
185 7 8 10 20 25 32 55 62 64 85 86 91 93 97 100 107 115 119 120 121 132 137 140 146 149 155 158 160 164 172 193
186 37 49 59 61 65 72 82 92 103 104 110 111 123 130 134 138 147 148 153 157 161 162 163 170 183 184 187 192 197 199
187 16 21 24 30 33 47 49 50 54 59 61 66 92 101 104 111 128 136 142 153 157 163 167 186 189 192 197
188 21 28 29 36 44 48 50 58 59 61 66 95 101 103 104 105 110 111 116 123 141 148 153 159 161 162 163 181 183 190
189 10 12 16 29 41 43 61 94 103 109 110 116 117 123 128 130 143 161 165 179 182 183 187 194 197 199
190 3 10 13 36 43 48 51 61 70 72 77 90 104 105 130 136 141 163 165 173 177 183 188
191 1 8 9 15 18 20 23 31 32 37 42 52 57 69 107 115 120 124 127 132 166 174 178 193
192 12 21 28 29 51 72 82 92 94 101 104 111 114 117 142 148 177 182 186 187
193 4 5 15 18 25 26 35 37 38 39 42 46 48 53 56 58 62 64 68 71 73 75 86 87 91 99 108 112 118 120 124 131 151 156 158 175 185 191 195
194 3 12 16 17 29 43 47 65 88 90 92 104 117 123 161 167 169 180 189 199
195 9 19 23 37 57 58 68 73 78 80 89 108 120 122 131 133 139 140 146 160 164 175 178 193
196 1 6 9 15 31 37 46 53 56 60 62 96 99 102 118 122 139 151 166 175
197 17 21 29 30 48 59 65 74 82 92 103 106 123 134 138 141 147 148 154 157 169 184 186 187 189 199
198 1 18 26 35 37 45 53 62 75 79 84 91 107 108 112 113 125 160 164 178
199 29 30 43 54 59 83 90 95 105 109 123 129 168 170 177 179 182 184 186 189 194 197
200 1 23 25 27 35 39 52 55 62 67 69 79 84 87 100 120 126 131 137 149 150 155 160 166
